length:		1727.42
bell size:	97.10
num segments:	41
num peaks:	4
      freq     impedance   rel_imp  note-number  cent-diff note-name
724   73.4  1.022655e+07  1.000000          -31   0.381867        D1
46   147.0  1.423882e+07  1.392339          -19  -1.975158        D2
243  344.0  1.894916e+07  1.852937           -4  26.113951        F3
444  545.0  2.030990e+07  1.985996            4  29.496753       C#4

[[0, 32], [115.16157985612753, 30.212537610427194], [195.18358396513565, 31.56072389987751], [203.2770708678708, 38.86438155168864], [232.76311494074952, 41.36507410017237], [240.90698676634068, 44.18350200535688], [268.26468247966466, 43.365853283012804], [278.154935294813, 39.40784813585972], [303.70581968088004, 38.72456177588416], [320.45608766191106, 37.35422343320674], [353.7498550855162, 34.40511073693321], [400.85520193848873, 38.950140693386444], [411.8729102851045, 43.30517917817557], [686.3852280733647, 44.56874859784927], [728.2779474734023, 45.99010510716842], [749.8755549977086, 63.59041466056189], [772.1060467626627, 81.36798514317522], [780.326850683914, 82.72393231809842], [798.6806357617677, 91.22385377935647], [814.1828009901523, 97.30565292149913], [837.3508999720779, 95.84827823539027], [908.4888359018566, 99.1688690122167], [952.3047939913891, 98.35789988477127], [961.7910917914445, 94.63822126676888], [974.6778499078791, 86.88316170722497], [1009.5298761647789, 68.32814023910164], [1089.4065980506787, 69.02512899107084], [1117.6871441592348, 82.20800873959524], [1304.8142115266107, 77.1651377082634], [1330.6377252735128, 84.12386078341251], [1347.9579545113668, 87.34240103697553], [1374.3923043686138, 97.88305166624127], [1384.6355725201806, 115.55774372291422], [1387.495302663576, 118.5045219899347], [1401.6861644790508, 117.90726447028068], [1478.7793776979813, 125.90089457923341], [1517.7422887862497, 109.82264383495144], [1531.1255503598568, 97.77472600510502], [1548.2593839150518, 92.80941585169077], [1677.065377000311, 88.55437284280445], [1727.4236978418896, 97.09527985898822]]