length:		1734.98
bell size:	98.25
num segments:	41
num peaks:	4
      freq     impedance   rel_imp  note-number  cent-diff note-name
724   73.4  1.170131e+07  1.000000          -31   0.381867        D1
46   147.0  1.458965e+07  1.246839          -19  -1.975158        D2
236  337.0  1.959805e+07  1.674859           -5 -38.294081        E3
445  546.0  2.094717e+07  1.790156            4  26.323087       C#4

[[0, 32], [115.66508374786434, 31.13122248570701], [182.35435027310925, 30.135360497259132], [219.6509771552973, 40.61572313025062], [224.68208874345356, 41.42998590066838], [266.12074619767094, 44.139795639196066], [274.39252301401996, 45.02277525149699], [282.01493368860656, 39.63156937094259], [296.00654868885795, 38.428760243336114], [303.6359864014998, 38.15773479500988], [315.05749804581393, 33.792969128879776], [384.89197346828854, 35.05499247943829], [426.8536931562307, 44.45556545088819], [712.5383958463109, 42.565534874639354], [712.5876177395522, 45.243004993768565], [749.1942924372133, 59.50144560149982], [784.46540977412, 79.13369191404809], [797.6108993022386, 89.69430079014717], [811.4554317902397, 93.62848308231823], [870.1668259128522, 98.55994062945996], [921.258539317202, 93.95923266918484], [943.8202771277101, 97.44535313371325], [972.0748966435318, 90.71409495529565], [974.066708466846, 91.28963904718465], [986.6775974581955, 82.38743038447083], [1015.4412850148398, 67.9429329451391], [1084.874141348646, 70.26568258242442], [1093.0773109267595, 73.61645520525757], [1304.6933383364697, 73.01069669342226], [1334.8093954422216, 75.79598662836108], [1357.088759040618, 82.81983523892241], [1389.831820105578, 108.81188761639025], [1406.3822682593304, 110.30974401722331], [1415.5295895791276, 125.42446610630158], [1470.7287051862274, 131.84675795255367], [1515.5260020574026, 130.0041470693444], [1537.8198634237538, 99.98963997990874], [1562.655158722219, 97.22235554156819], [1572.0172831183909, 94.75758475135527], [1727.451228047089, 95.4050789451654], [1734.9762561703888, 98.24685883934276]]