length:		1697.62
bell size:	90.89
num segments:	42
num peaks:	4
      freq     impedance   rel_imp  note-number  cent-diff note-name
724   73.4  1.218466e+07  1.000000          -31   0.381867        D1
46   147.0  1.418816e+07  1.164428          -19  -1.975158        D2
254  355.0  1.801331e+07  1.478360           -4 -28.378601        F3
458  559.0  1.963114e+07  1.611136            4 -14.413711       C#4

[[0, 32], [126.0330749839813, 31.101040301330286], [174.09848362535556, 32.349951145329975], [206.43842478455002, 36.057242143441826], [216.89397723741803, 38.95516470726165], [248.33847471576854, 42.896963000169976], [259.0117862867941, 41.323649076024395], [286.3680182424854, 40.38340664382181], [305.5712829314732, 40.29219503396428], [316.2808088281135, 36.366776837086164], [346.27428081321824, 33.58943405665345], [391.8354451934635, 36.80028655559629], [403.0418776254862, 40.68014419379092], [686.5354203588948, 42.32321395293273], [713.0041252212508, 44.981289602672845], [733.0774197883362, 56.04334871252152], [757.5997911820829, 78.2847207989023], [765.0185568929672, 86.79919997627705], [766.6804288281656, 87.22950325982715], [820.0599122836691, 89.31666676493907], [882.3884413628574, 89.67504072476697], [922.5157331072091, 92.18341090739247], [931.2889413892706, 86.73995855632073], [940.1152492825582, 83.93366733585438], [961.3795480593433, 75.56992551893435], [978.5522625011143, 62.48843740257174], [1064.9322371011508, 64.84863093264075], [1116.5926780906693, 75.93895001571025], [1274.490846952773, 74.19179345849075], [1306.8448332806483, 80.45697088617261], [1325.9854266276325, 82.26989253673304], [1349.0680979923725, 93.23068543985562], [1371.3356462219133, 105.50107426209406], [1378.1537609108086, 108.42770725499899], [1388.2909759352822, 118.32107690105033], [1458.911892651245, 114.28007852177117], [1480.469165652211, 108.54079976431866], [1511.3812233025717, 88.90077690710514], [1518.7093639695747, 83.5852032323439], [1588.7912948813896, 76.97294962218436], [1600.4586417823386, 82.94934310056202], [1697.6194862082289, 90.89294880771867]]