length:		1705.72
bell size:	82.85
num segments:	41
num peaks:	4
      freq     impedance   rel_imp  note-number  cent-diff note-name
724   73.4  1.332745e+07  1.000000          -31   0.381867        D1
46   147.0  1.498342e+07  1.124253          -19  -1.975158        D2
247  348.0  1.912433e+07  1.434958           -4   6.099461        F3
452  553.0  2.076777e+07  1.558270            4   4.268852       C#4

[[0, 32], [113.7149972220005, 30.595974020533607], [177.3275086833775, 31.7550102553127], [205.90746942724718, 37.16039164351348], [210.88444801392447, 42.3193735300265], [222.6647976436437, 43.57722110349427], [238.8570013481994, 43.29339406514202], [283.3321787078643, 38.68136649724959], [288.1514195502214, 38.006943197686525], [311.66609748321474, 35.80375411534543], [358.20463200268483, 34.09591104034921], [393.27752231243124, 36.95270827080667], [407.7263252284272, 41.42430330534875], [674.1239885354856, 42.858897214156165], [698.2738811662915, 39.6292140502397], [736.1020236858151, 56.154618836170144], [758.0742253141236, 67.51512730990393], [786.1530551327918, 85.05146579967277], [789.3225872950637, 84.51910190716805], [912.5912528241145, 88.5812833427082], [929.2271928358106, 94.51043265614089], [950.1128224722768, 91.39083005549152], [958.4312788323052, 88.72381865898826], [968.2727758703464, 83.28283809736347], [974.5816209009213, 78.80658229508593], [1006.7881770033371, 61.780957040705445], [1074.8694855693734, 63.785376877846296], [1144.9839175853028, 72.4445813418062], [1273.9929628378063, 75.30522401230822], [1308.2657353167651, 76.02905916843388], [1330.9822270480465, 84.16490804568035], [1362.5985837252272, 88.85720101161331], [1399.6029560305178, 108.61614832711759], [1414.242135548999, 121.40450260707775], [1490.2643261993921, 116.05804955952053], [1492.34343382468, 113.0291575092763], [1513.3138427495464, 100.10261892534535], [1528.6662256532602, 90.70501041735356], [1533.1187790663364, 89.53518378135547], [1594.9256260541913, 82.55326817318134], [1705.7247958285645, 82.85321025917894]]