length:		1728.56
bell size:	95.99
num segments:	41
num peaks:	4
      freq     impedance   rel_imp  note-number  cent-diff note-name
724   73.4  1.272826e+07  1.000000          -31   0.381867        D1
46   147.0  1.389481e+07  1.091651          -19  -1.975158        D2
249  350.0  1.900821e+07  1.493387           -4  -3.821678        F3
449  550.0  1.965554e+07  1.544245            4  13.686286       C#4

[[0, 32], [142.04593810882824, 29.276338012038934], [192.89462490168742, 35.4385266153741], [194.37020809909728, 39.083841142284385], [225.27280721012457, 40.55930884017521], [257.142812728675, 44.55901301185098], [281.42949413162256, 39.3831855683603], [291.87324144259827, 39.776549964269115], [300.2743371569558, 39.21077628701336], [313.7665250509809, 39.0837745810901], [328.0457620167725, 34.93326476448938], [397.17789772104334, 35.9071306250285], [418.4169611713294, 42.462015199126114], [677.2592250339525, 41.59186782201334], [723.8514475665065, 46.682025375717174], [746.4219731809643, 59.21677405213346], [769.424887626703, 75.14730398127541], [785.6282136252171, 87.73789782178962], [786.3469621287987, 87.56227332860892], [805.5429886843951, 89.01009351137402], [845.7171167223466, 89.24481562704226], [945.7774632400801, 89.60197204674412], [949.0954778472011, 88.92074248130653], [957.6641453332765, 83.54098675207707], [977.7446554360357, 77.31395227479851], [1000.1076496253598, 64.88128524825514], [1073.9801579946256, 67.52698432555466], [1296.4171113143063, 75.4968307527281], [1327.838078931036, 79.88054833655379], [1349.2288981318043, 82.5280692585956], [1375.5519602580848, 92.97604641225956], [1385.7653096012307, 102.53246086489668], [1393.0205030218015, 110.18454779319114], [1408.8451093963356, 119.22069215777354], [1482.9142295673187, 116.31492395012555], [1505.6848883196362, 113.55279211048395], [1532.129313371453, 92.95237737700872], [1572.210381649486, 86.11381902129314], [1609.5960184075875, 87.70629234599062], [1669.8540012649455, 91.03189549536603], [1728.5561484190755, 95.99364796972469]]