length:		1688.99
bell size:	90.38
num segments:	42
num peaks:	4
      freq     impedance   rel_imp  note-number  cent-diff note-name
724   73.4  1.218928e+07  1.000000          -31   0.381867        D1
46   147.0  1.164946e+07  0.955714          -19  -1.975158        D2
261  362.0  1.780599e+07  1.460790           -3  37.816592       F#3
453  554.0  1.934811e+07  1.587305            4   1.141057       C#4

[[0, 32], [156.67525947378982, 29.973477901943287], [174.5576487907932, 33.88862601923828], [191.5703126571374, 39.9006584189095], [223.2456248955315, 42.79073630665619], [253.9442111148139, 44.98426107448416], [258.76089820697246, 42.748945244702526], [290.46975933603835, 42.18219877203093], [298.12617280984546, 39.8854395625452], [300.783300659998, 39.550697164580356], [344.1175680333573, 38.66906839550402], [375.6475407988337, 35.76589199764967], [403.0429892748071, 41.37701491641933], [697.5421241834978, 42.275851014862006], [726.9357340921716, 51.09845019169528], [755.6612855956282, 70.38743549813766], [786.5314122411917, 85.23197391868027], [812.8561302433662, 85.4886503087017], [853.3183028193794, 86.57282615634404], [889.7923957600415, 86.89486519769272], [928.3197988754381, 84.50390323208558], [937.6074854225762, 81.43513736574629], [958.3812436809641, 73.25566363869243], [960.5863799944426, 67.76089483727719], [1023.394621899428, 62.028995245857445], [1060.2761362618724, 60.796044454008566], [1078.0135003990242, 66.79370652263307], [1108.437827983834, 76.51487946073613], [1277.6448763951187, 75.43033486153415], [1304.8777010564736, 82.21072401232789], [1319.2052951923679, 86.38366046739421], [1345.0574610942588, 93.00030154054608], [1366.455364125647, 98.00705039003438], [1370.4365687920715, 103.7326763079541], [1382.4077976852068, 108.4887824084964], [1447.2834791916268, 112.44556237221867], [1473.171793418154, 94.42282435601061], [1489.444003572686, 90.30832804478742], [1518.79440381169, 84.46042824073666], [1543.6099953623122, 77.39698243840141], [1604.0017187778278, 78.30514528677702], [1688.9949517689956, 90.3809820269832]]