length:		1760.70
bell size:	97.77
num segments:	43
num peaks:	4
      freq     impedance   rel_imp  note-number  cent-diff note-name
724   73.4  1.203213e+07  1.000000          -31   0.381867        D1
46   147.0  1.208957e+07  1.004774          -19  -1.975158        D2
242  343.0  1.653141e+07  1.373940           -4  31.153937        F3
430  531.0  1.828075e+07  1.519329            3 -25.450005        C4

[[0, 32], [150.7002720395753, 29.251465104520168], [185.53083614470893, 33.215364001184966], [213.41874866451468, 39.12272044603782], [226.77448518980128, 38.8160224317127], [248.99995422201246, 45.223144725282154], [301.26923410535164, 41.20827062749095], [302.24625671416845, 40.36660592218197], [313.0824096876689, 37.71641979294853], [317.3175754276999, 38.482023641986515], [334.6553992437883, 35.524028137021546], [407.9455842718761, 35.807671958062315], [412.8212481007552, 42.50395387870727], [705.6393364923231, 44.73144784476004], [737.2261825191155, 46.474315018186196], [761.2462322909037, 64.93273102552872], [781.5730282500554, 77.48100970151175], [792.9298994180443, 80.97288786322754], [806.8269512254707, 87.85394607087605], [886.4584439199391, 86.67780968424582], [986.3318743158786, 85.71268848047066], [994.1271009191314, 82.83003833134886], [1007.8517861451243, 81.28757152382458], [1015.5154212693529, 78.94443526576818], [1046.4220967158653, 61.920106968997324], [1077.017808704346, 61.01176114865115], [1133.9160417391797, 65.38904359567955], [1147.6985265392877, 67.08847872080749], [1170.3613070955398, 77.69856729379424], [1185.3908704002965, 79.84521770237859], [1330.6525176217035, 78.58152490430331], [1356.0863443582905, 82.66097127029612], [1368.6367266117816, 88.10647743166648], [1402.295691062191, 94.77512869335058], [1429.0060851776614, 103.70357989688753], [1434.7449621391747, 107.87356094687817], [1459.2267203769409, 126.51679489263618], [1509.1372675240723, 128.1633535213209], [1535.8476616395426, 113.43260954107423], [1562.558055755013, 100.68369289554909], [1584.3505304220967, 93.97604422588216], [1680.054977689437, 90.93063608000729], [1760.7038852894261, 97.77190138999865]]