length:		1643.74
bell size:	77.69
num segments:	41
num peaks:	4
      freq     impedance   rel_imp  note-number  cent-diff note-name
724   73.4  1.803076e+07  1.000000          -31   0.381867        D1
46   147.0  1.692715e+07  0.938793          -19  -1.975158        D2
274  375.0  2.206433e+07  1.223705           -3 -23.264486       F#3
467  568.0  2.369913e+07  1.314373            4 -42.064887       C#4

[[0, 32], [133.8475186905032, 26.307290261439135], [161.8831991019988, 34.917349553634445], [201.38006718471547, 37.9885315079128], [203.95839272964236, 40.250703828104996], [245.09371481933536, 41.919549455760205], [263.4726492785847, 42.92693906679513], [271.9603819225066, 38.51951698078077], [276.3168192195691, 37.5117835866826], [302.057394405776, 34.10024495676702], [338.46811203602107, 34.1346128564813], [392.443550059281, 35.4751308729196], [417.67415333558114, 35.71002084378034], [678.0199431456326, 35.470857279534435], [685.2800575775002, 37.46774629778406], [709.7955652933796, 52.53839712746512], [734.7006728475333, 64.46968625672037], [752.7776965549405, 75.44335194721153], [759.6057804016868, 77.61447011997075], [776.5735112448318, 77.14278030246882], [838.972566313084, 80.66666360763583], [854.9563792179171, 83.08862920599209], [892.4552307523177, 80.60645685970944], [909.7546397533265, 76.10733776358664], [934.8202885612723, 67.10147284378382], [948.0591736611932, 55.19298176919518], [1000.7415195991957, 57.4570218900056], [1191.9424304993186, 61.57199905522567], [1198.8657057307448, 65.64967069236369], [1232.9152525972038, 61.407397633327314], [1282.613039038914, 64.79805870232866], [1307.5181465930675, 80.13427870873687], [1332.4232541472213, 89.78711403384587], [1344.9797066471642, 96.07273801343636], [1423.067575804901, 97.90047699829508], [1432.0436843638358, 89.40254004394123], [1446.9526827632635, 87.02677255486839], [1452.968361034213, 88.63306307125859], [1455.5090041974927, 82.54434944482556], [1496.1154896056808, 76.53280048146527], [1643.7370985741425, 77.69467869949722]]