length:		1671.83
bell size:	87.28
num segments:	42
num peaks:	4
      freq     impedance   rel_imp  note-number  cent-diff note-name
724   73.4  1.736460e+07  1.000000          -31   0.381867        D1
46   147.0  1.416602e+07  0.815799          -19  -1.975158        D2
269  370.0  2.120803e+07  1.221337           -3  -0.026096       F#3
460  561.0  2.183009e+07  1.257160            4 -20.596697       C#4

[[0, 32], [148.86272949084417, 28.380802185237183], [167.1280450126463, 33.68573280298568], [183.5150311628921, 38.77405877237382], [223.07324026435367, 41.478531026513586], [238.82191195880827, 41.186641097735794], [251.78113768300105, 43.9768673251755], [292.88915915577957, 43.005369395175585], [296.67845421622695, 38.137710119568666], [317.2625190383412, 35.76164548477685], [326.10230931130883, 35.0023079501728], [394.8241729300493, 37.270157603755976], [448.97052348802356, 38.350272396534166], [690.8210912396485, 36.648677188422226], [702.8275208935405, 40.62738477656834], [717.6330208731398, 56.893650368288895], [738.8460631270336, 66.77075723156027], [751.5438614770735, 75.73412117070687], [760.8791003200897, 74.53400667842581], [771.3162740610601, 77.92253604951924], [821.5011897026372, 80.48785125885249], [902.9512743577243, 79.44962515450119], [919.3373891860991, 73.29202644497323], [927.3486376556793, 72.35677352753851], [940.2088076686435, 60.90967731593102], [994.6356585983522, 55.11751198055397], [1011.2184521668948, 59.89504473411838], [1231.45292616948, 66.69143740122743], [1283.044005523611, 71.20178463383758], [1310.7346007063377, 79.46231707191356], [1333.8576295047442, 84.87245405417696], [1349.4428293636654, 89.34928634143527], [1353.4860867115806, 97.18022065284335], [1359.2718314169495, 101.91582935377151], [1446.3917499571032, 99.89737323307446], [1462.2282200720376, 93.04831025774253], [1486.2985014481435, 82.75008288648931], [1504.1599119494135, 80.59972889991579], [1521.9715562241631, 75.75498345455951], [1607.494349668729, 79.97330578915356], [1647.0326966749942, 88.7066322536884], [1671.827922017881, 87.28413319718186]]