length:		1628.89
bell size:	77.90
num segments:	42
num peaks:	4
      freq     impedance   rel_imp  note-number  cent-diff note-name
724   73.4  1.664090e+07  1.000000          -31   0.381867        D1
46   147.0  1.477829e+07  0.888071          -19  -1.975158        D2
277  378.0  1.702750e+07  1.023232           -3 -37.059253       F#3
483  584.0  1.997170e+07  1.200158            5   9.842186        D4

[[0, 32], [156.0219440358274, 31.834183288797583], [164.45283169734753, 33.475037396318875], [185.1779100203189, 38.74909715487055], [212.18499318619786, 42.88946773062005], [231.97209606258278, 43.160684383399285], [243.36945840499766, 41.10479422261503], [269.2938512469725, 40.77448215583097], [289.95733082132915, 37.46186171901778], [309.35197843847504, 35.95060785686309], [332.23547805020564, 34.38612213547923], [336.93027326643636, 35.04190725611641], [346.91501446662943, 36.33917690494562], [646.4946609202036, 37.632110989879266], [680.7915819385992, 39.17004125986647], [703.3837377261682, 49.109763095944786], [725.7132155491754, 69.28855999537487], [749.4505131255203, 72.56154687680244], [765.653768415474, 80.65035709854166], [850.4301279042069, 81.75420270339067], [866.7034368124285, 81.38214932051424], [898.5215897367522, 80.17680599736153], [899.6001611603185, 79.00783571211919], [901.539443805058, 77.90535094042194], [914.824733984603, 68.06028376107592], [920.85437797485, 58.58669115830164], [1008.0654414237215, 59.4031378863941], [1071.6901827220531, 64.1392333876077], [1242.914305515498, 64.98131609475011], [1246.3466229884734, 67.95731386115945], [1271.02675413676, 75.28024189989844], [1298.4681260036994, 81.63792443242124], [1334.1351888797064, 90.55655614813931], [1342.7150877862675, 99.21215965990613], [1368.281443271309, 103.95814853990606], [1419.1075410264798, 98.64827577169804], [1421.6857053972042, 91.536430669387], [1432.3436732014761, 82.21792193164782], [1468.467803323053, 75.62324227405446], [1490.3599375774295, 72.47786899880555], [1588.9431379172395, 75.19262276232287], [1628.888655786916, 77.89747704659354]]