length:		1636.31
bell size:	94.46
num segments:	39
num peaks:	7
      freq     impedance   rel_imp  note-number  cent-diff note-name
735   74.5  6.262437e+06  1.000000          -31 -25.370568        D1
45   146.0  3.367625e+06  0.537750          -19   9.842186        D2
188  289.0  6.095271e+06  0.973306           -7  27.720837        D3
666  767.0  7.766145e+05  0.124012           10  37.932335        G4
726  827.0  8.135818e+05  0.129915           11   7.539433       G#4
780  881.0  7.725206e+05  0.123358           12  -1.966194        A5
887  988.0  6.783060e+05  0.108313           14  -0.409022        B5

[[272.717548252812, 34.671867630915756], [297.51005263943125, 44.751390615415396], [322.3025570260505, 54.165328731611275], [347.0950614126698, 62.1545160502415], [371.88756579928906, 68.06588373591114], [396.68007018590833, 71.40743450653717], [421.4725745725276, 71.89075627943389], [446.2650789591469, 69.45741571282446], [471.05758334576615, 64.2868480755648], [495.8500877323854, 56.78484857862859], [520.6425921190048, 47.55335221278263], [545.4350965056241, 37.34373526183152], [570.2276008922433, 48.176010345530905], [595.0201052788626, 58.281717062638485], [619.8126096654819, 66.84564650595277], [644.6051140521012, 73.16816765125995], [669.3976184387204, 76.72397400840097], [694.1901228253397, 77.20729578129767], [718.982627211959, 76.00853374640283], [743.7751315985782, 75.11289360910175], [768.5676359851975, 70.4989259532515], [793.3601403718169, 62.46891065956489], [818.1526447584362, 51.71625151958306], [825.7269523801649, 52.62617177398619], [867.9358680242702, 62.48313089776154], [1090.8701930112481, 75.22859124403303], [1115.6626973978675, 97.69158608241874], [1140.4552017844867, 118.89249518506288], [1165.247706171106, 136.75912534213498], [1190.0402105577252, 150.12287658967134], [1214.8327149443446, 157.86221260347097], [1239.6252193309638, 159.29757465057756], [1264.4177237175832, 154.2554282333223], [1289.2102281042023, 143.0478608575007], [1314.0027324908217, 126.53965956718494], [1338.7952368774409, 106.12093294899397], [1363.58774126406, 83.45538924789555], [1470.0226918883022, 86.29084186328214], [1636.305289516872, 94.46087754591382]]