length:		1752.90
bell size:	100.88
num segments:	38
num peaks:	7
      freq     impedance   rel_imp  note-number  cent-diff note-name
728   73.8  5.679037e+06  1.000000          -31  -9.027037        D1
43   144.0  4.895069e+06  0.861954          -19  33.721654        D2
159  260.0  4.535543e+06  0.798646           -9  10.790281        C3
605  706.0  8.038335e+05  0.141544            8 -18.597592        F4
657  758.0  8.882640e+05  0.156411            9 -41.633190       F#4
730  831.0  1.086361e+06  0.191293           11  -0.813944       G#4
827  928.0  8.124433e+05  0.143060           13   8.054462       A#5

[[292.1505323181199, 32.30843163144443], [318.7096716197671, 41.446707488287984], [345.2688109214144, 49.86208531224914], [371.82795022306163, 56.873204731951105], [398.3870895247089, 61.911393276506885], [424.9462288263561, 64.56697541088431], [451.5053681280034, 64.62276849030272], [478.0645074296507, 62.07202716153933], [504.6236467312979, 57.11935414359926], [531.1827860329452, 50.16447408730223], [557.7419253345925, 41.77015674030965], [584.3010646362396, 32.616863262888856], [610.8602039378869, 41.84203435187002], [637.4193432395341, 50.337267673046846], [663.9784825411814, 57.41473343757705], [690.5376218428287, 62.50038418829256], [717.0967611444759, 65.18069928448675], [743.6559004461232, 70.08968315072508], [770.2150397477704, 74.31299057444026], [796.7741790494176, 74.80465621038753], [823.3333183510649, 71.32589924455063], [849.8924576527122, 64.64334358748319], [876.4515969543594, 56.8235822426615], [903.7499656597552, 68.8924502109621], [1168.6021292724793, 74.49051617381879], [1195.1612685741266, 96.11973721186115], [1221.7204078757738, 116.3084611737443], [1248.2795471774211, 133.42833474369283], [1274.8386864790682, 146.08036513438716], [1301.3978257807155, 153.21252539948657], [1327.9569650823628, 154.22958062439787], [1354.51610438401, 149.68476010508763], [1381.0752436856574, 139.15880992326984], [1407.6343829873047, 123.45732201166307], [1434.1935222889517, 103.83133130268159], [1460.7526615905992, 81.88340787199706], [1500.29075191898, 83.18575120605873], [1752.903193908719, 100.87991454831595]]