length:		1679.10
bell size:	101.56
num segments:	39
num peaks:	7
      freq     impedance   rel_imp  note-number  cent-diff note-name
737   74.7  6.071027e+06  1.000000          -31 -30.011949        D1
48   149.0  3.555256e+06  0.585610          -19 -25.370568        D2
172  273.0  5.641880e+06  0.929312           -8  26.323087       C#3
633  734.0  7.899681e+05  0.130121            9  14.068153       F#4
695  796.0  6.907086e+05  0.113771           10 -26.317888        G4
777  878.0  9.333625e+05  0.153740           12   3.939101        A5
857  958.0  7.156222e+05  0.117875           13 -47.026559       A#5

[[279.85077500265595, 33.9290859280098], [305.29175454835195, 43.71279335224374], [330.73273409404794, 52.812903501663165], [356.17371363974394, 60.49470321187661], [381.61469318543993, 66.13164777395689], [407.0556727311359, 69.25761202060391], [432.4966522768319, 69.6065698881298], [457.9376318225279, 67.13633255847934], [483.3786113682239, 62.03424493778388], [508.8195909139199, 54.704194378708415], [534.2605704596158, 45.73580700223223], [559.7015500053118, 35.858171856019595], [585.1425295510078, 46.185365591118554], [610.5835090967038, 55.78493202273427], [636.0244886423998, 63.881695008872605], [661.4654681880958, 69.81549198387255], [686.9064477337918, 73.0961485633886], [712.3474272794878, 76.83155065328218], [737.7884068251838, 79.67034215284046], [763.2293863708798, 78.70715404718928], [788.6703659165757, 76.58639238060752], [814.1113454622716, 71.18487346742569], [839.5523250079676, 60.74986293872519], [933.100843008611, 68.1328399695158], [1119.4031000106236, 74.331046031592], [1144.8440795563195, 96.13718520406547], [1170.2850591020156, 116.59609231056803], [1195.7260386477114, 134.06001611134803], [1221.1670181934076, 147.09793488437907], [1246.6079977391034, 154.61722921998486], [1272.0489772847995, 155.95957322576177], [1297.4899568304954, 150.9626782350902], [1322.9309363761915, 139.98220557813744], [1348.3719159218874, 123.87136307601064], [1373.8128954675835, 103.91915689572109], [1399.2538750132796, 81.75170386186855], [1479.645343005589, 83.88340271615579], [1532.539387305555, 92.12036352207379], [1679.1046500159355, 101.56007049710237]]