length:		1857.72
bell size:	119.80
num segments:	38
num peaks:	7
      freq     impedance   rel_imp  note-number  cent-diff note-name
719   72.9  4.137255e+06  1.000000          -31  12.215365        D1
32   133.0  3.702459e+06  0.894907          -21 -28.707266        C2
154  255.0  4.332911e+06  1.047291           -9  44.407532        C3
605  706.0  8.095390e+05  0.195671            8 -18.597592        F4
686  787.0  9.840090e+05  0.237841           10  -6.632134        G4
771  872.0  8.808805e+05  0.212914           12  15.810466        A5
885  986.0  6.438231e+05  0.155616           14   3.099053        B5

[[309.6195075082752, 34.40606915846492], [337.76673546357296, 44.37973691828926], [365.9139634188707, 53.68137421466798], [394.06119137416846, 61.56056534404388], [422.2084193294662, 67.37373291685415], [450.35564728476396, 70.6381377796981], [478.5028752400617, 71.07337850716736], [506.6501031953595, 68.62683472995606], [534.7973311506572, 63.48077211715375], [562.9445591059549, 56.04030316794659], [591.0917870612527, 46.9029582428119], [619.2390150165505, 36.81213831692985], [647.3862429718483, 47.463674092705816], [675.533470927146, 57.38826256982008], [703.6806988824437, 65.78502024488557], [731.8279268377415, 71.96843956489448], [759.9751547930393, 75.42578578186001], [788.122382748337, 75.86102650932929], [816.2696107036348, 79.52455668480286], [844.4168386589325, 80.24796747313648], [872.5640666142302, 76.67417367447206], [900.711294569528, 68.99516935324925], [928.8585225248258, 59.03307264986856], [981.0282272895276, 71.85267473799594], [1238.478030033101, 91.1838531306627], [1266.6252579883987, 117.61222838610642], [1294.7724859436967, 142.3489539250578], [1322.9197138989944, 163.4773695523761], [1351.066941854292, 179.16840054148116], [1379.2141698095897, 188.11237573216548], [1407.3613977648874, 189.53269457995475], [1435.5086257201854, 183.2576413018676], [1463.655853675483, 170.90372595978542], [1491.8030816307808, 152.5603406549142], [1519.9503095860787, 129.08128092865212], [1548.0975375413761, 102.39292072851198], [1636.5237175350928, 107.68482963947261], [1857.7170450496517, 119.80494846054724]]