length:		1675.31
bell size:	97.09
num segments:	38
num peaks:	7
      freq     impedance   rel_imp  note-number  cent-diff note-name
744   75.4  5.776073e+06  1.000000          -31 -46.159486        D1
50   151.0  5.106001e+06  0.883992          -19 -48.454031        D2
168  269.0  5.093264e+06  0.881787           -9 -48.123179        C3
632  733.0  8.544030e+05  0.147921            9  16.428390       F#4
685  786.0  7.418161e+05  0.128429           10  -4.430946        G4
772  873.0  1.267058e+06  0.219363           12  13.826244        A5
867  968.0  8.017114e+05  0.138799           14  34.995772        B5

[[279.21814759937945, 32.12311251786579], [304.6016155629594, 41.18758435234754], [329.98508352653937, 49.524664177863585], [355.3685514901193, 56.45909242586059], [380.75201945369923, 61.428814219269825], [406.13548741727914, 64.03060894428192], [431.5189553808591, 64.05287911953768], [456.90242334443906, 61.49293229285487], [482.285891308019, 56.55734458533357], [507.669359271599, 49.64536464978598], [533.0528272351789, 41.31669125241388], [558.4362951987588, 32.24622503573158], [583.8197631623387, 41.34538167465084], [609.2032311259187, 49.71433634802734], [634.5866990894987, 56.67524717670113], [659.9701670530785, 61.66391382241498], [685.3536350166585, 64.93092114797437], [710.7371029802384, 72.03405754548055], [736.1205709438184, 75.94797924845467], [761.5040389073984, 76.09548279083802], [786.8875068709783, 72.27219079689439], [812.2709748345583, 69.9065910903496], [837.6544427981381, 62.959283915357126], [845.3138202994165, 65.49956371350616], [1116.8725903975176, 73.70470772538789], [1142.2560583610975, 94.88654646688956], [1167.6395263246775, 114.44331403190658], [1193.0229942882575, 130.84001299042194], [1218.4064622518374, 142.7618746528516], [1243.7899302154174, 149.23023363820695], [1269.1733981789973, 149.70372254318315], [1294.5568661425773, 144.125096814434], [1319.940334106157, 132.92896410401443], [1345.323802069737, 117.00954144701787], [1370.707270033317, 97.65081205453512], [1396.090737996897, 76.99064498746951], [1460.2638948680562, 80.47285444183423], [1675.3088855962765, 97.08786672632301]]