length:		1826.01
bell size:	114.18
num segments:	39
num peaks:	8
      freq     impedance   rel_imp  note-number  cent-diff note-name
709   71.9  5.584647e+06  1.000000          -31  36.127818        D1
38   139.0  2.836764e+06  0.507958          -20  -5.097631       C#2
155  256.0  4.341478e+06  0.777395           -9  37.631656        C3
591  692.0  7.732592e+05  0.138462            8  16.077783        F4
626  727.0  7.753082e+05  0.138829            9  30.657792       F#4
690  791.0  8.535267e+05  0.152835           10 -15.409005        G4
789  890.0  8.616363e+05  0.154287           12 -19.562175        A5
898  999.0  6.094971e+05  0.109138           14 -19.577385        B5

[[304.33423351218516, 34.83787696710483], [332.0009820132929, 44.98351378370613], [359.66773051440066, 54.467591447279524], [387.3344790155084, 62.52547891378142], [415.00122751661615, 68.49817929033964], [442.66797601772384, 71.88791295992108], [470.33472451883165, 72.40126463615428], [498.00147301993934, 69.97617037813863], [525.6682215210471, 64.79029767608328], [553.3349700221548, 57.24986814119512], [581.0017185232625, 47.9595677572914], [608.6684670243703, 37.67575393420966], [636.335215525478, 48.6209130847548], [664.0019640265858, 58.83974053771833], [691.6687125276935, 67.50808019084549], [719.3354610288013, 73.91747994560265], [747.002209529909, 77.5347813984863], [774.6689580310168, 78.04813307471952], [802.3357065321245, 80.41567827047348], [830.0024550332323, 80.14651293033086], [857.66920353434, 75.77719091943753], [885.3359520354477, 67.5767477655341], [913.0027005365555, 56.26043967909457], [917.0869377817626, 56.782650065720674], [971.3242199473459, 74.07872624186963], [1217.3369340487407, 78.42079592735121], [1245.0036825498485, 101.65914648321467], [1272.670431050956, 123.57003681844502], [1300.3371795520638, 142.39122821170662], [1328.0039280531716, 156.57649579508177], [1355.6706765542795, 164.92849312735703], [1383.337425055387, 166.70551550770594], [1411.0041735564948, 161.49443716910127], [1438.6709220576026, 149.80800230691895], [1466.3376705587102, 132.618561058397], [1494.004419059818, 111.30054952477889], [1521.6711675609258, 88.91645763543339], [1646.6791606501752, 103.92262343092686], [1826.005401073111, 114.17766166210528]]