length:		1650.48
bell size:	98.92
num segments:	37
num peaks:	7
      freq     impedance   rel_imp  note-number  cent-diff note-name
737   74.7  6.347143e+06  1.000000          -31 -30.011949        D1
41   142.0  2.457327e+06  0.387155          -20 -42.064887       C#2
185  286.0  6.745120e+06  1.062702           -7  45.786052        D3
656  757.0  7.972205e+05  0.125603            9 -39.347732       F#4
727  828.0  6.757714e+05  0.106469           11   5.447307       G#4
785  886.0  7.298566e+05  0.114990           12 -11.763810        A5
871  972.0  6.594886e+05  0.103903           14  27.856652        B5

[[275.08036075279506, 35.50551696269591], [300.0876662757764, 45.91704387672273], [325.0949717987578, 55.68320186286637], [350.10227732173917, 64.01738081679349], [375.10958284472053, 70.23674296801109], [400.1168883677019, 73.82025387437113], [425.1241938906833, 74.45437685775747], [450.13149941366464, 72.06244679134439], [475.138804936646, 66.81502168731394], [500.1461104596274, 59.12003801132874], [525.1534159826087, 49.59324542007046], [550.1607215055901, 39.011033925391814], [575.1680270285715, 50.41017909636995], [600.1753325515529, 61.08394438187866], [625.1826380745342, 70.17219073193846], [650.1899435975156, 76.93099032023318], [675.197249120497, 80.79560669162078], [700.2045546434783, 81.4297296750071], [725.2118601664597, 80.49719201875708], [750.2191656894411, 78.92750096613852], [775.2264712124224, 73.57210264818376], [800.2337767354038, 64.79761490334458], [825.2410822583852, 53.31367885154682], [1100.3214430111802, 76.61493832608295], [1125.3287485341616, 100.3466004315401], [1150.336054057143, 123.21711441772186], [1175.3433595801243, 143.38478998035413], [1200.3506651031057, 158.78513465816823], [1225.357970626087, 167.65224321295028], [1250.3652761490684, 169.85163144474052], [1275.3725816720498, 165.11739450204044], [1300.3798871950312, 153.70399352769425], [1325.3871927180126, 136.46725622298288], [1350.394498240994, 114.86022349496221], [1375.4018037639753, 90.64826268887404], [1491.1530280871887, 95.4390097228244], [1650.4821645167704, 98.92493375128812]]