length:		1882.29
bell size:	118.86
num segments:	40
num peaks:	7
      freq     impedance   rel_imp  note-number  cent-diff note-name
721   73.1  5.159471e+06  1.000000          -31   7.472255        D1
27   128.0  4.930999e+06  0.955718          -21  37.631656        C2
156  257.0  4.508413e+06  0.873813           -9  30.882197        C3
588  689.0  1.016196e+06  0.196957            8  23.599449        F4
671  772.0  1.069212e+06  0.207233           10  26.683212        G4
758  859.0  1.251370e+06  0.242538           12  41.814471        A5
872  973.0  6.466390e+05  0.125330           14  26.076462        B5

[[313.7142267738417, 32.53349243405484], [342.23370193510004, 41.76139958789667], [370.7531770963584, 50.27186641823479], [399.2726522576167, 57.376123433534644], [427.79212741887505, 62.49746142591373], [456.31160258013335, 65.21836568108233], [484.8310777413917, 65.31487065238811], [513.3505529026501, 62.77530894082754], [541.8700280639084, 57.80188666717692], [570.3895032251668, 50.79490655804936], [598.9089783864251, 42.320867914624856], [627.4284535476835, 33.06698486810969], [655.9479287089418, 42.44519420945335], [684.4674038702002, 51.093786637943424], [712.9868790314586, 58.31280254754765], [741.5063541927168, 63.51623564726441], [770.0258293539752, 66.27992036544592], [798.5453045152335, 66.3764253367517], [827.0647796764919, 66.45693043376517], [855.5842548377502, 67.97920261936301], [884.1037299990086, 65.68551952996773], [912.6232051602669, 59.66764414957399], [941.1426803215253, 50.46947761562967], [954.3682120409331, 52.28600072972191], [1021.1167575133973, 69.51540758773918], [1254.856907095367, 87.1966334414451], [1283.3763822566252, 112.2466631841478], [1311.8958574178837, 135.50198513869464], [1340.415332579142, 155.08402425313403], [1368.9348077404004, 169.3972948806993], [1397.4542829016586, 177.26186982310844], [1425.973758062917, 179.2782016973547], [1454.4932332241754, 174.7116452455667], [1483.0127083854336, 163.07709902277412], [1511.532183546692, 145.2420854023867], [1540.0516587079503, 122.61806526418606], [1568.5711338692088, 97.05793426899167], [1588.8182452365916, 98.04621331191763], [1769.9773243334646, 103.50792527087464], [1882.2853606430504, 118.86249736349023]]