length:		1846.81
bell size:	118.31
num segments:	38
num peaks:	7
      freq     impedance   rel_imp  note-number  cent-diff note-name
724   73.4  5.810572e+06  1.000000          -31   0.381867        D1
37   138.0  4.436256e+06  0.763480          -20   7.402308       C#2
161  262.0  3.437155e+06  0.591535           -9  -2.475946        C3
597  698.0  7.487737e+05  0.128864            8   1.131785        F4
683  784.0  1.370936e+06  0.235938           10  -0.020157        G4
779  880.0  1.164688e+06  0.200443           12   0.000000        A5
887  988.0  6.736636e+05  0.115938           14  -0.409022        B5

[[307.8024014229502, 26.249713268250616], [335.78443791594566, 41.19636668283407], [362.390698970828, 49.10987953860872], [387.634002976072, 58.79909917682278], [403.88419194338303, 62.363421272287354], [443.1370533807231, 66.04959309339179], [445.54183951066295, 66.40190722710851], [497.1432272623169, 65.20417933425595], [540.1701348948686, 58.61303941175919], [560.2638922444479, 52.7253947466472], [588.6826182347255, 42.633975508717775], [591.9337132879684, 43.27084428024789], [619.910631967246, 33.89700851403123], [668.5547050316663, 53.007558562690214], [696.6989082380795, 58.072083261847865], [724.8839627431912, 64.83427585240261], [735.6139657605538, 64.71513710935827], [796.9529111791564, 67.71588779372311], [797.830568492435, 69.40175232109843], [869.2657098387159, 68.29369776684742], [877.0332329404849, 66.31402886928363], [895.0612872849879, 63.26597892441499], [922.5622530419043, 53.318622491553356], [980.7676563971481, 69.74578642325773], [1231.2487722711026, 86.89103971736839], [1259.1916421847964, 98.52936352038824], [1316.565325590346, 137.47153103440374], [1364.7392799524334, 156.91364410169507], [1390.494550720397, 155.15885314767158], [1425.3212470799403, 156.19408940877187], [1428.8089115374194, 147.43522794511057], [1459.2149644208725, 142.08629463730722], [1483.5400655227272, 128.16075406974898], [1498.3025954200853, 118.04312920756001], [1509.1021054333596, 109.25422084552868], [1538.530434663115, 86.6119358800902], [1755.1585767974218, 102.63885023905902], [1846.8144085377012, 118.30738042068407]]