length:		1796.60
bell size:	119.81
num segments:	39
num peaks:	7
      freq     impedance   rel_imp  note-number  cent-diff note-name
727   73.7  6.970212e+06  1.000000          -31  -6.679601        D1
32   133.0  1.504675e+06  0.215872          -21 -28.707266        C2
164  265.0  5.748672e+06  0.824748           -9 -22.186603        C3
595  696.0  6.985714e+05  0.100222            8   6.099461        F4
676  777.0  1.006407e+06  0.144387           10  15.506710        G4
683  784.0  1.006497e+06  0.144400           10  -0.020157        G4
802  903.0  8.393570e+05  0.120421           12 -44.666957        A5

[[299.4332887949796, 35.0918275010898], [326.6544968672505, 45.23529197753425], [353.87570493952137, 54.81589960219452], [381.3080057250986, 62.949432502182255], [408.3181210840631, 68.98146310583913], [435.4388299160574, 72.40904558969189], [465.53355729993206, 72.89041644423993], [491.4002107332221, 70.53885058638537], [517.2086442627981, 65.33637686341916], [544.3951283891298, 57.7542632277343], [571.6453695176883, 48.40161536832738], [598.9000723051216, 38.03466878270877], [629.3294600265338, 48.69739221934799], [653.308993734501, 59.404871501409694], [680.5302018067719, 68.22660543734008], [707.7514098790427, 74.72410237531881], [734.6911653800207, 78.71485778338676], [762.1938260235845, 79.49314806986806], [789.4150340958554, 76.30668032189836], [816.6362421681262, 70.85225547259449], [843.8916145236566, 66.18627431049357], [871.0786583126679, 59.13360468905409], [890.6494817606667, 49.072611375724065], [953.5444733866508, 56.14312989913502], [1182.7015281642962, 73.69003777834178], [1224.9543632521893, 97.06520988271183], [1252.1755713244602, 119.85327685174106], [1279.396779396731, 140.19068429164156], [1306.617987469002, 156.71656611238717], [1333.8391955412728, 172.49772719882816], [1361.0604036135437, 181.69803148739197], [1388.1830550705538, 183.11617658160512], [1415.5028197580855, 169.35533138924066], [1442.7240278303561, 149.92966578679986], [1469.9452359026272, 125.84723596372788], [1497.166443974898, 99.02565727740581], [1545.0846738845253, 100.50504287799323], [1597.8948985075554, 112.07553296446451], [1796.5997327698776, 119.80986702189392]]