length:		2995.76
bell size:	69.65
num segments:	38
num peaks:	8
      freq     impedance   rel_imp  note-number  cent-diff note-name
335   34.5  1.234652e+07  1.000000          -44   7.402308       C#0
724   73.4  2.551722e+06  0.206675          -31   0.381867        D1
46   147.0  7.228673e+06  0.585483          -19  -1.975158        D2
339  440.0  3.245124e+06  0.262837            0   0.000000        A4
422  523.0  1.554893e+06  0.125938            3   0.831093        C4
683  784.0  1.391855e+06  0.112733           10  -0.020157        G4
779  880.0  1.559224e+06  0.126289           12   0.000000        A5
836  937.0  2.993059e+06  0.242421           13  -8.654629       A#5