length:		2999.97
bell size:	71.09
num segments:	40
num peaks:	8
      freq     impedance   rel_imp  note-number  cent-diff note-name
326   33.6  1.295817e+07  1.000000          -45 -46.835537        C0
724   73.4  1.769330e+06  0.136542          -31   0.381867        D1
46   147.0  8.690201e+06  0.670635          -19  -1.975158        D2
339  440.0  4.951089e+06  0.382082            0   0.000000        A4
422  523.0  1.395988e+06  0.107730            3   0.831093        C4
683  784.0  3.558158e+06  0.274588           10  -0.020157        G4
779  880.0  1.418367e+06  0.109457           12   0.000000        A5
861  962.0  2.205272e+06  0.170184           14  45.759956        B5