length:		3000.00
bell size:	69.72
num segments:	39
num peaks:	8
      freq     impedance   rel_imp  note-number  cent-diff note-name
335   34.5  1.177573e+07  1.000000          -44   7.402308       C#0
724   73.4  2.924660e+06  0.248363          -31   0.381867        D1
46   147.0  7.187041e+06  0.610327          -19  -1.975158        D2
339  440.0  2.900964e+06  0.246351            0   0.000000        A4
343  444.0  2.888567e+06  0.245298            0 -15.667383        A4
422  523.0  1.822694e+06  0.154784            3   0.831093        C4
683  784.0  1.792163e+06  0.152191           10  -0.020157        G4
755  856.0  1.534384e+06  0.130301           12  47.871273        A5