length:		2984.11
bell size:	84.00
num segments:	38
num peaks:	8
      freq     impedance   rel_imp  note-number  cent-diff note-name
322   33.2  1.254703e+07  1.000000          -45 -26.101948        C0
724   73.4  1.651275e+06  0.131607          -31   0.381867        D1
46   147.0  7.199106e+06  0.573770          -19  -1.975158        D2
339  440.0  3.745381e+06  0.298507            0   0.000000        A4
344  445.0  3.707818e+06  0.295514            0 -19.562175        A4
422  523.0  1.386950e+06  0.110540            3   0.831093        C4
683  784.0  3.331409e+06  0.265514           10  -0.020157        G4
761  862.0  1.364493e+06  0.108750           12  35.778785        A5