length:		2944.00
bell size:	69.86
num segments:	40
num peaks:	8
      freq     impedance   rel_imp  note-number  cent-diff note-name
329   33.9  1.357237e+07  1.000000          -44  37.775614       C#0
724   73.4  2.279780e+06  0.167972          -31   0.381867        D1
46   147.0  6.948082e+06  0.511929          -19  -1.975158        D2
339  440.0  2.522607e+06  0.185863            0   0.000000        A4
414  515.0  4.359714e+06  0.321220            3  27.517310        C4
422  523.0  4.572234e+06  0.336878            3   0.831093        C4
683  784.0  3.798585e+06  0.279876           10  -0.020157        G4
741  842.0  1.881180e+06  0.138604           11 -23.580051       G#4