length:		2995.77
bell size:	71.94
num segments:	39
num peaks:	8
      freq     impedance   rel_imp  note-number  cent-diff note-name
324   33.4  1.154250e+07  1.000000          -45 -36.499781        C0
724   73.4  1.922469e+06  0.166556          -31   0.381867        D1
46   147.0  7.109243e+06  0.615919          -19  -1.975158        D2
332  433.0  5.993974e+06  0.519296            0  27.763799        A4
422  523.0  1.787188e+06  0.154835            3   0.831093        C4
487  588.0  1.616233e+06  0.140025            5  -1.975158        D4
683  784.0  1.466802e+06  0.127078           10  -0.020157        G4
745  846.0  3.239231e+06  0.280635           11 -31.784968       G#4