length:		2993.30
bell size:	69.76
num segments:	38
num peaks:	8
      freq     impedance   rel_imp  note-number  cent-diff note-name
331   34.1  1.141438e+07  1.000000          -44  27.591855       C#0
724   73.4  2.376637e+06  0.208214          -31   0.381867        D1
46   147.0  8.176446e+06  0.716329          -19  -1.975158        D2
339  440.0  3.368727e+06  0.295130            0   0.000000        A4
357  458.0  2.888858e+06  0.253089            1  30.587111       A#4
422  523.0  1.181066e+06  0.103472            3   0.831093        C4
683  784.0  1.918487e+06  0.168076           10  -0.020157        G4
747  848.0  1.981346e+06  0.173583           11 -35.872889       G#4