length:		2992.19
bell size:	71.05
num segments:	39
num peaks:	8
      freq     impedance   rel_imp  note-number  cent-diff note-name
321   33.1  1.354349e+07  1.000000          -45 -20.879518        C0
724   73.4  1.726119e+06  0.127450          -31   0.381867        D1
46   147.0  7.732300e+06  0.570924          -19  -1.975158        D2
338  439.0  3.488890e+06  0.257606            0   3.939101        A4
360  461.0  3.330123e+06  0.245884            1  19.284128       A#4
422  523.0  2.420878e+06  0.178748            3   0.831093        C4
683  784.0  2.530281e+06  0.186826           10  -0.020157        G4
693  794.0  2.574281e+06  0.190075           10 -21.962580        G4