length:		2994.56
bell size:	70.05
num segments:	39
num peaks:	8
      freq     impedance   rel_imp  note-number  cent-diff note-name
328   33.8  1.268409e+07  1.000000          -44  42.890047       C#0
724   73.4  2.050753e+06  0.161679          -31   0.381867        D1
46   147.0  7.308612e+06  0.576203          -19  -1.975158        D2
338  439.0  4.257717e+06  0.335674            0   3.939101        A4
361  462.0  2.950349e+06  0.232602            1  15.532807       A#4
422  523.0  2.000887e+06  0.157748            3   0.831093        C4
678  779.0  1.758976e+06  0.138676           10  11.056235        G4
698  799.0  2.329011e+06  0.183617           10 -32.830375        G4