length:		2956.75
bell size:	70.75
num segments:	39
num peaks:	8
      freq     impedance   rel_imp  note-number  cent-diff note-name
335   34.5  1.352449e+07  1.000000          -44   7.402308       C#0
724   73.4  2.047201e+06  0.151370          -31   0.381867        D1
47   148.0  7.336444e+06  0.542456          -19 -13.712383        D2
338  439.0  2.871378e+06  0.212310            0   3.939101        A4
367  468.0  2.134642e+06  0.157835            1  -6.806007       A#4
424  525.0  2.029234e+06  0.150041            3  -5.776679        C4
683  784.0  1.429728e+06  0.105714           10  -0.020157        G4
690  791.0  1.429680e+06  0.105710           10 -15.409005        G4