loading from infile output/2022-03-19T10-38-44_default/results/19.pkl
--------------------
mutant 0
shape [1143.679519963812, 44.35013998785812]
       freq     impedance   rel_imp  note-number  cent-diff note-name
1722   73.4  3.289583e+07  1.000000          -31   0.381867        D1
219   220.0  1.392461e+07  0.423294          -12   0.000000        A3
366   367.0  1.137497e+07  0.345788           -3  14.068153       F#3
535   536.0  8.851763e+06  0.269085            3 -41.675372        C4
692   693.0  2.814522e+06  0.085559            8  13.577806        F4
801   802.0  2.259083e+06  0.068674           10 -39.318456        G4
961   962.0  4.995264e+06  0.151851           14  45.759956        B5
--------------------
mutant 1
shape [1143.6795199638118, 36.14460266327459]
       freq     impedance   rel_imp  note-number  cent-diff note-name
1722   73.4  3.339936e+07  1.000000          -31   0.381867        D1
219   220.0  1.108990e+07  0.332039          -12   0.000000        A3
366   367.0  6.790980e+06  0.203327           -3  14.068153       F#3
522   523.0  3.635919e+06  0.108862            3   0.831093        C4
670   671.0  2.545353e+06  0.076210            7 -30.571091        E4
826   827.0  1.844477e+06  0.055225           11   7.539433       G#4
986   987.0  1.896549e+06  0.056784           14   1.344127        B5
--------------------
mutant 2
shape [1143.6795199638118, 35.8473925393214]
       freq     impedance   rel_imp  note-number  cent-diff note-name
1722   73.4  3.208066e+07  1.000000          -31   0.381867        D1
219   220.0  1.368961e+07  0.426725          -12   0.000000        A3
366   367.0  7.376909e+06  0.229949           -3  14.068153       F#3
527   528.0  5.994436e+06  0.186855            3 -15.641287        C4
679   680.0  4.663928e+06  0.145381            8  46.362533        F4
822   823.0  6.208958e+06  0.193542           11  15.933312       G#4
971   972.0  5.250670e+06  0.163671           14  27.856652        B5
--------------------
mutant 3
shape [1143.6795199638118, 36.503239447561754]
       freq     impedance   rel_imp  note-number  cent-diff note-name
1722   73.4  3.235796e+07  1.000000          -31   0.381867        D1
219   220.0  9.613896e+06  0.297111          -12   0.000000        A3
366   367.0  5.964988e+06  0.184344           -3  14.068153       F#3
533   534.0  3.638001e+06  0.112430            3 -35.203462        C4
688   689.0  2.712645e+06  0.083832            8  23.599449        F4
839   840.0  3.492243e+06  0.107925           11 -19.462965       G#4
988   989.0  3.625011e+06  0.112028           14  -2.160397        B5
--------------------
mutant 4
shape [1143.6795199638118, 38.46806250613119]
       freq     impedance   rel_imp  note-number  cent-diff note-name
1722   73.4  3.167039e+07  1.000000          -31   0.381867        D1
219   220.0  6.609648e+06  0.208701          -12   0.000000        A3
366   367.0  4.229465e+06  0.133546           -3  14.068153       F#3
545   546.0  2.498569e+06  0.078893            4  26.323087       C#4
696   697.0  1.580695e+06  0.049911            8   3.613841        F4
846   847.0  2.944015e+06  0.092958           11 -33.830135       G#4
998   999.0  2.395162e+06  0.075628           14 -19.577385        B5
--------------------
mutant 5
shape [1143.6795199638118, 42.78070695369006]
       freq     impedance   rel_imp  note-number  cent-diff note-name
1723   73.5  3.270455e+07  1.000000          -31  -1.975158        D1
219   220.0  1.184405e+07  0.362153          -12   0.000000        A3
367   368.0  1.019388e+07  0.311696           -3   9.357309       F#3
539   540.0  6.260229e+06  0.191418            4  45.452940       C#4
678   679.0  1.660660e+06  0.050778            8  48.910339        F4
801   802.0  3.092378e+06  0.094555           10 -39.318456        G4
979   980.0  4.133976e+06  0.126404           14  13.666129        B5
--------------------
mutant 6
shape [1143.679519963812, 52.8555514197798]
       freq     impedance    rel_imp  note-number  cent-diff note-name
72     73.0  1.234861e+06   1.000000          -31   9.842186        D1
1899   91.1  2.584721e+07  20.931270          -27  26.376678       F#1
219   220.0  2.297777e+07  18.607578          -12   0.000000        A3
366   367.0  6.179298e+06   5.004044           -3  14.068153       F#3
535   536.0  2.687423e+06   2.176296            3 -41.675372        C4
680   681.0  5.363299e+06   4.343241            8  43.818471        F4
807   808.0  1.025174e+06   0.830194           11  47.777877       G#4
987   988.0  8.194025e+05   0.663559           14  -0.409022        B5
--------------------
mutant 7
shape [1143.6795199638118, 52.62924037990128]
       freq     impedance    rel_imp  note-number  cent-diff note-name
73     74.0  2.043635e+06   1.000000          -31 -13.712383        D1
80     81.0  5.015414e+06   2.454163          -29  29.811653        E1
1845   85.7  2.866872e+07  14.028296          -28  32.163697        F1
219   220.0  8.677796e+06   4.246255          -12   0.000000        A3
366   367.0  1.190107e+07   5.823481           -3  14.068153       F#3
523   524.0  1.122656e+06   0.549342            3  -2.475946        C4
637   638.0  3.968463e+06   1.941864            6 -43.263480       D#4
810   811.0  3.053696e+06   1.494247           11  41.361931       G#4
998   999.0  9.683972e+05   0.473860           14 -19.577385        B5
--------------------
mutant 8
shape [1143.6795199638118, 35.91255939893868]
      freq     impedance   rel_imp  note-number  cent-diff note-name
73    74.0  3.230439e+07  1.000000          -31 -13.712383        D1
219  220.0  8.078649e+06  0.250079          -12   0.000000        A3
366  367.0  5.365162e+06  0.166081           -3  14.068153       F#3
521  522.0  3.808370e+06  0.117890            3   4.144460        C4
689  690.0  3.920913e+06  0.121374            8  21.088594        F4
844  845.0  3.313287e+06  0.102565           11 -29.737381       G#4
985  986.0  2.263012e+06  0.070053           14   3.099053        B5
--------------------
mutant 9
shape [1143.6795199638118, 43.09190218048221]
       freq     impedance   rel_imp  note-number  cent-diff note-name
1722   73.4  3.218588e+07  1.000000          -31   0.381867        D1
1808   82.0  3.208696e+06  0.099693          -29   8.569251        E1
219   220.0  1.458033e+07  0.453004          -12   0.000000        A3
377   378.0  1.037527e+07  0.322355           -3 -37.059253       F#3
517   518.0  4.162535e+06  0.129328            3  17.461711        C4
652   653.0  6.868870e+06  0.213413            7  16.504638        E4
838   839.0  5.669868e+06  0.176160           11 -17.400744       G#4
979   980.0  1.092063e+06  0.033930           14  13.666129        B5
